version https://git-lfs.github.com/spec/v1
oid sha256:652d916d1405c5b096543a05ebe78e2994aaaf7076963e012cb4d7b0414b70c9
size 6698880
